1	-7	1	1	-1	1	1	1	1	1	1	1	1	1	1	
1	0	0	1	0	-1	0	0	0	0	0	0	0	0	1	
1	0	0	1	0	-1	0	0	0	0	0	0	0	0	1	
-1	0	0	-2	0	0	0	0	0	0	0	0	0	0	1	
1	0	0	0	0	0	0	0	0	0	0	0	0	0	1	
1	0	0	0	0	0	0	0	0	0	0	0	1	0	1	
1	0	0	-3	0	0	0	0	0	0	0	0	-2	0	1	
1	0	0	0	0	0	0	0	0	0	0	0	0	0	1	
1	-6	1	1	1	1	1	1	1	1	1	1	1	1	1

1	-7	1	1	1	1	1	1	-1	-1	-1	-1	-1	-1	1	
-1	0	0	0	0	0	0	0	0	0	0	-3	0	0	1	
1	1	1	1	1	1	1	-1	-8	-8	0	0	0	0	1	
1	-5	-8	0	0	0	-8	0	0	-2	0	0	0	0	1	
1	1	1	1	1	1	1	0	0	0	0	0	0	0	1	
1	0	0	0	0	0	0	0	0	0	0	0	1	0	1	
1	0	0	0	0	0	0	0	0	0	0	0	-3	0	1	
-1	0	0	0	0	0	0	0	0	0	0	0	1	0	1	
1	-6	1	1	1	1	1	1	1	1	1	-1	1	1	1

-1	hole
-2	crate
-3	broken crate
-5	button
-6	in door
-7	out door
-8	force field
1   wall

1	-7	1	1	1	1	1	1	1	1	1	1	1	1	1	
1	0	0	0	0	0	0	0	0	0	0	0	0	0	1	
1	0	0	0	0	0	0	0	0	0	0	0	0	0	1	
1	0	0	0	0	0	0	0	0	0	0	0	0	0	1	
1	0	0	0	0	0	0	0	0	0	0	0	0	0	1	
1	0	0	0	0	0	0	0	0	0	0	0	0	0	1	
1	0	0	0	0	0	0	0	0	0	0	0	0	0	1	
1	0	0	0	0	0	0	0	0	0	0	0	0	0	1	
1	-6	1	1	1	1	1	1	1	1	1	1	1	1	1